kinematics:
  shoulder:
    x: 0
    y: 0
    z: 0.1809959837143111
    roll: -0
    pitch: 0
    yaw: -3.305244478950427e-07
  upper_arm:
    x: 8.296177720488309e-05
    y: 0
    z: 0
    roll: 1.571423239496689
    pitch: 0
    yaw: 4.271408462988445e-06
  forearm:
    x: -0.6120568225532889
    y: 0
    z: 0
    roll: 3.141187726359398
    pitch: -3.14066995160141
    yaw: 3.141591105125893
  wrist_1:
    x: -0.5709626337727051
    y: -0.000693793977027892
    z: 0.1737760681868551
    roll: 0.003992438648223923
    pitch: 0.001170968068117175
    yaw: -6.496603833396347e-06
  wrist_2:
    x: 0.0001153305650478077
    y: -0.119672502973628
    z: 0.0002003419292378647
    roll: 1.569122243466619
    pitch: 0
    yaw: -8.234307526354401e-07
  wrist_3:
    x: -4.102165121847686e-05
    y: 0.1154808100326762
    z: -4.464645678034307e-06
    roll: 1.570757665430514
    pitch: 3.141592653589793
    yaw: -3.141592637620674
  hash: calib_1894226694444242779